10
50 4 4
46 44
46 10
20 16
43 21
50 3 114
3 40
42 35
23 22
22 3
31 50
7 14
31 27
11 19
4 2
17 28
27 14
17 38
20 4
36 3
17 35
44 14
10 20
16 32
27 50
12 45
38 34
41 31
37 28
7 29
27 46
3 23
28 7
14 4
23 30
22 48
22 33
35 27
25 48
10 3
27 48
17 27
8 18
50 28
33 26
41 13
15 12
44 6
6 28
26 44
2 22
42 44
43 50
32 23
1 13
41 18
18 44
32 19
32 1
26 43
8 44
32 20
28 1
17 43
39 30
3 9
20 19
18 3
38 20
17 1
43 9
12 29
23 31
35 12
38 4
17 37
39 47
25 24
7 31
26 10
47 49
6 23
2 17
15 23
47 10
3 44
13 38
37 15
5 9
31 35
33 49
36 8
9 8
7 2
44 46
13 12
29 22
10 12
49 8
21 5
24 17
50 36
16 37
24 39
10 43
15 50
44 1
18 48
10 24
5 47
25 10
5 29
49 28
35 44
29 6
25 20
36 40
25 26
19 38
49 30
50 10 589
33 23
50 21
21 20
41 46
43 8
45 2
2 46
36 19
18 28
29 36
21 35
36 46
39 20
24 13
27 11
15 31
49 26
26 35
31 14
47 13
2 25
29 25
17 47
23 19
24 25
11 29
49 43
29 12
4 48
23 48
3 10
20 22
25 42
46 17
22 30
24 21
3 4
7 44
14 29
2 5
12 45
25 7
4 50
28 25
42 17
42 45
18 2
32 10
22 28
46 34
42 38
42 27
38 26
10 45
49 22
38 2
13 45
10 35
10 22
13 36
33 30
26 37
8 40
11 41
32 12
18 7
40 18
48 30
13 12
9 40
23 18
5 27
24 33
9 43
8 36
11 26
30 37
25 33
23 32
17 2
18 9
9 25
24 11
8 50
40 10
17 44
16 17
39 27
3 7
5 15
22 37
28 20
43 5
11 50
15 43
46 49
14 44
50 13
15 17
23 20
44 9
3 30
29 18
14 9
45 36
32 16
38 19
33 20
37 21
44 19
5 26
2 42
15 4
35 25
3 44
17 11
47 24
5 13
40 46
24 4
23 10
24 1
12 36
29 27
16 8
40 35
10 43
9 26
7 46
20 16
32 47
39 40
1 7
37 16
46 6
9 35
5 7
42 40
26 30
18 46
34 48
45 6
38 47
36 50
20 37
5 45
3 16
47 14
5 41
46 26
12 31
12 30
14 34
23 40
31 43
38 4
26 24
43 27
15 40
14 45
30 10
37 7
11 32
43 26
13 37
38 9
33 32
30 17
17 36
31 46
26 34
22 15
37 5
14 36
3 37
42 31
47 43
27 13
1 37
29 33
26 16
38 1
44 35
32 1
10 50
42 4
8 41
10 18
47 35
30 44
22 33
20 47
40 11
2 1
12 38
50 38
47 4
10 26
25 45
20 17
39 22
43 39
41 22
12 21
12 40
16 1
18 13
45 4
4 31
20 44
13 19
36 18
46 20
6 15
2 9
22 7
44 15
36 42
11 21
42 28
1 42
42 29
4 13
21 27
11 13
14 28
46 15
40 21
43 3
43 36
5 20
48 14
34 42
14 40
5 42
3 5
1 8
35 29
9 4
4 22
16 21
46 16
1 43
32 7
50 23
18 21
28 12
32 38
43 2
30 41
14 8
29 7
23 28
37 44
13 25
21 25
11 14
37 31
49 44
26 36
27 48
13 44
24 3
47 1
18 24
33 27
36 16
19 40
3 11
7 4
7 28
6 14
24 40
36 10
33 4
44 41
34 29
27 20
42 49
50 16
50 42
7 6
25 14
24 10
42 41
33 42
34 49
9 28
25 27
4 1
29 24
47 12
32 25
42 20
28 8
36 30
41 14
32 42
33 17
17 6
34 30
20 9
9 1
24 49
20 1
12 23
13 32
17 14
19 21
2 36
50 7
3 42
11 44
13 46
28 13
15 27
48 24
44 31
11 12
22 35
2 32
49 6
3 22
48 32
34 43
9 47
34 35
37 38
50 20
16 34
40 48
32 6
25 37
22 40
15 12
28 33
11 23
41 29
41 26
25 26
50 37
27 49
45 7
12 1
25 39
35 4
30 38
7 34
45 32
2 10
29 22
46 22
41 45
46 37
16 13
45 3
21 43
4 25
5 25
18 20
10 49
29 3
34 45
19 30
27 26
3 19
13 26
30 7
46 25
47 6
44 24
4 34
8 26
5 11
43 13
31 50
4 14
48 22
16 27
13 15
24 39
14 38
18 47
29 26
39 35
46 12
11 49
48 15
3 6
29 50
48 49
27 41
23 25
39 50
26 21
10 13
17 31
22 45
1 10
7 33
33 8
3 9
47 23
33 50
8 38
27 46
20 8
9 36
33 1
6 39
37 12
6 26
17 3
37 35
28 37
8 32
50 44
19 1
8 7
4 27
11 22
23 15
23 31
44 26
16 30
8 13
50 27
15 30
19 42
26 12
48 8
37 47
7 39
3 15
18 37
24 28
33 9
35 5
31 25
27 28
45 46
17 21
16 7
49 19
4 37
34 44
19 14
19 10
2 19
8 18
7 15
17 1
37 9
33 47
38 41
35 41
10 41
2 12
9 24
23 45
16 24
50 22
47 40
35 6
23 6
47 49
13 48
39 44
11 31
41 2
46 23
32 15
25 50
5 48
39 36
10 5
47 31
18 39
10 14
5 21
6 36
33 43
29 31
43 46
29 44
23 44
9 12
36 21
12 22
2 23
46 33
6 4
10 37
2 8
5 24
13 35
18 6
50 9
45 15
17 23
5 39
31 27
48 35
45 37
17 48
35 49
20 25
19 5
9 19
47 10
30 32
18 1
36 48
1 46
4 16
24 31
16 14
26 4
37 48
21 41
8 44
12 43
46 39
41 18
9 30
23 49
36 5
22 34
4 12
35 19
9 31
16 45
28 2
32 14
4 5
4 10
31 39
16 29
41 6
31 28
50 17
48 42
41 34
10 31
42 7
39 28
21 3
33 49
48 19
4 11
45 47
14 2
50 34
27 19
38 44
12 39
34 28
38 7
2 20
19 11
18 5
1 50
13 7
14 7
38 25
26 45
1 11
19 4
4 20
21 49
4 36
9 41
16 31
40 33
35 46
30 5
29 40
46 11
21 44
38 40
44 12
24 37
39 38
11 48
16 23
35 28
26 39
29 46
50 43
50 2 2
40 42
39 15
50 2 426
21 25
27 29
19 24
38 6
46 5
6 32
47 27
48 13
50 39
20 21
40 28
12 13
25 23
28 27
45 50
44 25
42 2
31 47
43 32
33 2
49 40
22 12
15 31
7 37
46 11
33 25
37 21
35 42
49 33
7 10
49 5
6 34
43 42
20 1
14 42
46 15
39 20
7 44
43 34
48 40
5 16
25 35
36 35
32 19
37 2
37 49
44 32
35 30
41 34
36 5
17 2
27 22
8 25
4 9
5 39
18 29
44 10
5 43
45 49
24 20
42 48
36 17
38 10
2 39
26 47
47 8
31 3
28 7
39 14
2 26
16 8
23 19
35 22
18 13
20 15
44 36
24 35
45 20
22 46
19 18
38 3
23 13
3 46
25 4
35 39
1 50
29 46
24 9
24 43
18 25
37 6
27 38
43 39
15 25
45 46
11 25
15 8
40 3
17 32
8 19
9 43
41 3
16 13
3 13
14 34
4 36
34 1
19 42
36 26
18 39
28 8
22 42
1 43
20 13
23 35
44 41
2 48
29 4
50 8
25 1
5 31
41 50
11 33
18 6
38 50
10 3
16 7
27 8
9 36
16 12
43 33
30 16
31 13
30 10
44 24
41 27
37 19
37 8
38 43
28 48
46 1
16 49
12 46
27 37
48 3
33 50
7 11
26 5
34 42
45 38
27 15
2 30
44 18
5 8
32 48
30 46
44 8
47 21
24 40
46 44
11 26
21 23
42 24
6 25
9 50
36 42
34 4
22 2
34 3
23 36
9 38
18 35
8 40
34 23
5 38
5 2
25 29
18 43
49 25
22 6
4 43
32 28
39 49
38 48
23 20
47 2
20 8
14 2
9 18
7 20
6 20
7 17
31 23
21 46
12 28
10 8
45 27
17 6
30 17
26 12
16 47
13 24
15 38
26 45
20 43
24 48
33 15
24 15
20 10
28 26
36 39
16 23
17 1
9 7
25 5
13 29
24 47
48 4
10 45
13 36
19 31
28 14
9 39
49 48
5 11
16 11
44 9
14 48
20 44
12 10
47 18
20 5
12 8
31 14
47 19
4 30
12 38
42 7
12 35
39 13
46 19
35 15
12 33
34 28
2 50
2 3
18 46
33 37
12 19
37 50
46 35
33 45
7 3
1 2
23 37
34 39
14 38
28 35
45 35
8 18
45 11
6 1
14 37
36 25
11 23
44 38
22 29
49 46
13 25
21 17
41 25
49 14
22 30
46 32
6 15
8 41
46 48
24 38
19 9
41 33
47 33
45 47
39 30
23 8
35 7
1 40
41 12
37 9
47 49
27 48
48 5
19 39
47 25
5 33
31 27
17 43
41 45
7 19
18 32
10 27
27 24
40 50
30 44
46 24
8 9
36 32
18 24
47 42
15 18
14 20
27 14
7 22
29 21
32 49
24 16
34 7
25 27
36 19
27 49
26 13
29 3
28 38
38 29
22 41
6 36
48 39
17 39
45 12
24 10
23 5
16 9
19 3
2 15
49 21
40 20
38 46
17 19
23 39
17 50
36 2
42 26
35 11
14 1
34 9
35 20
5 15
38 13
9 31
1 9
15 28
5 1
17 38
25 40
46 34
29 41
5 44
16 37
18 36
13 33
3 15
49 11
6 41
7 33
47 9
14 43
41 32
23 30
36 29
3 25
2 21
33 3
11 9
31 42
33 10
3 36
50 21
13 46
23 42
23 9
19 25
12 2
45 48
47 6
29 35
37 34
4 35
24 4
50 22
50 28
11 3
29 5
47 15
15 17
24 41
29 12
33 29
9 13
14 11
45 5
11 34
35 19
44 21
16 31
47 28
1 18
23 10
28 4
15 16
21 4
8 14
13 41
39 3
7 18
19 13
6 26
45 13
26 33
49 31
23 28
26 7
42 29
7 25
1 12
46 14
1 27
23 18
50 39 5
19 34
24 29
35 13
11 31
23 3
50 11 89
41 13
1 45
7 32
10 14
9 20
50 11
50 26
47 42
17 49
21 41
21 48
14 4
31 15
14 34
43 14
38 6
4 49
37 30
7 50
26 31
11 24
37 2
17 34
6 43
41 43
16 5
34 9
1 33
6 5
41 36
1 25
42 26
37 6
19 49
7 14
46 2
44 26
3 36
26 41
37 10
49 47
21 40
21 33
19 18
30 43
5 2
24 3
34 16
43 8
40 3
15 48
35 12
20 23
44 38
18 44
28 27
50 8
25 36
42 49
13 32
13 39
45 48
45 24
47 9
20 34
35 19
14 49
6 3
23 30
40 38
30 1
21 12
2 10
46 28
20 27
36 24
24 47
14 45
10 4
26 39
49 38
10 50
39 43
18 22
44 50
29 6
20 2
14 21
50 31
50 40 120
11 18
38 42
21 5
31 45
35 34
34 18
18 43
30 9
35 48
25 1
49 22
27 50
31 12
31 4
31 17
26 36
44 5
6 11
3 2
47 25
9 46
30 46
13 5
19 1
5 15
6 7
38 50
35 20
49 1
45 32
15 23
46 21
27 15
7 17
35 32
5 39
11 31
36 21
27 40
12 48
50 41
14 23
28 4
12 44
47 21
44 3
30 34
38 3
18 7
48 45
5 20
44 18
39 41
32 8
34 21
14 5
20 17
41 8
39 17
38 35
40 4
50 25
25 16
7 11
25 11
20 8
7 22
49 7
42 34
10 39
46 20
24 34
36 25
33 18
38 45
1 41
14 29
31 48
40 42
48 44
37 20
42 43
6 8
20 12
23 25
8 36
40 44
9 34
15 35
36 10
15 34
32 43
6 47
9 29
13 11
44 33
30 48
26 43
43 10
40 10
13 47
39 36
22 2
18 12
18 39
9 31
1 21
17 1
11 10
20 6
1 33
20 47
43 8
5 6
49 6
37 35
21 26
43 40
8 5
24 49
50 2 1
11 46
50 44 59
38 35
23 46
18 10
28 40
32 13
29 7
36 32
47 21
41 37
43 16
23 16
10 42
32 34
5 24
39 26
38 15
2 25
37 45
37 50
12 21
42 33
21 34
38 25
39 36
3 1
21 44
16 15
35 46
5 13
22 41
16 37
16 30
19 28
14 15
1 29
40 30
17 1
33 16
26 37
48 1
43 4
47 11
46 44
15 44
17 32
38 4
17 33
34 31
12 35
6 42
22 30
29 42
14 9
27 12
17 7
10 39
29 14
49 36
16 25