initialize
o
o
o
o
o
q
o
o
o
o
q
o
q
o
o
o
o
o
o
o
q
o
o
o
q
o
o
o
o
o
o
o
q
o
q
o
q
o
o
o
q
o
q
o
[1, 1, 2, 6, 24, 120, 720, 5040, 40320, 362880, 3628800, 39916800, 479001600, 227020758, 178290591, 674358851, 789741546, 425606191, 660911389, 557316307, 146326063, 72847302, 602640637, 860734560, 657629300, 440732388, 459042011, 394134213, 35757887, 36978716, 109361473, 390205642, 486580460, 57155068, 943272305, 14530444, 523095984, 354551275, 472948359, 444985875, 799434881, 776829897, 626855450, 954784168, 10503098]
done
1
1
2
2

2
1
1
2

2
500000004
2
2

24
41666667
1
1

6
166666668
2
2

24
166666668
2
8

5040
404166672733333356
1
21

479001600
141597362132778888
2
132

5040
301388891
0
7

362880
450099213100793676
0
36

227020758
47199120710926296
0
286

227020758
285599764284798096
2
156

789741546
81806838321121368
1
560

40320
900198419
1
8

425606191
20451709580280342
1
2380

1
1
1
1

120
41666667
1
5

120
41666667
1
5

362880
487524805
2
18

39916800
415973606327788824
1
55

674358851
23799980357066508
1
1365

479001600
138657868775929608
2
440

39916800
415973606327788824
1
55

146326063
30784857121278855
1
4845

1
1
2
2

24
41666667
1
1

5040
301388891
2
14

720
808333339
1
6

5040
301388891
2
14

789741546
15872220793644432
1
1820

6
500000004
0
3

39916800
415973606327788824
1
55

1
1
1
1

24
166666668
2
8

120
83333334666666672
0
10

120
41666667
0
5

5040
301388891
2
14

1
1
1
1

1
1
1
1

720
20833333666666668
1
15

362880
450099213100793676
1
36

362880
450099213100793676
0
36

227020758
47199120710926296
1
286

479001600
138657868775929608
1
220

5040
301388891
1
7

2
500000004
2
2

5040
301388891
0
7

3628800
243762404450099220
2
90

120
41666667
2
10

3628800
243762404450099220
0
45

720
808333339
2
12

362880
450099213100793676
2
72

6
500000004
2
6

39916800
81254134816699740
0
165

3628800
243762404450099220
0
45

479001600
141597362132778888
0
66

3628800
243762404450099220
2
90

362880
450099213100793676
1
36

5040
301388891
2
14

720
808333339
1
6

24
166666668
1
4

479001600
141597362132778888
1
66

362880
450099213100793676
1
36

72847302
597226227561740535
1
20349

1
1
2
2

674358851
245420514963364104
2
210

6
166666668
1
1

6
166666668
1
1

1
1
1
1

6
500000004
0
3

40320
150694446705555564
1
28

39916800
415973606327788824
0
55

120
83333334666666672
2
20

674358851
245420514963364104
1
105

227020758
285599764284798096
1
78

789741546
81806838321121368
1
560

227020758
285599764284798096
1
78

6
500000004
0
3

5040
301388891
1
7

178290591
95199921428266032
0
364

2
500000004
1
1

479001600
141597362132778888
2
132

120
83333334666666672
0
10

6
166666668
0
1

5040
404166672733333356
0
21

178290591
95199921428266032
0
364

39916800
415973606327788824
2
110

39916800
415973606327788824
1
55

40320
150694446705555564
2
56

674358851
63488883174577728
1
455

146326063
663952849746181457
0
15504

660911389
13365598481924787
2
6120

6
500000004
0
3

178290591
95199921428266032
1
364

24
166666668
0
4

362880
450099213100793676
0
36

2
500000004
1
1

720
808333339
1
6

2
500000004
1
1

1
1
1
1

660911389
13365598481924787
0
3060

6
500000004
1
3

6
166666668
2
2

3628800
243762404450099220
0
45

120
41666667
2
10

1
1
1
1

3628800
243762404450099220
2
90

3628800
243762404450099220
0
45

6
166666668
1
1

362880
487524805
2
18

2
500000004
1
1

1
1
1
1

227020758
285599764284798096
2
156

6
500000004
0
3

120
83333334666666672
1
10

1
1
1
1

3628800
243762404450099220
2
90

674358851
63488883174577728
0
455

362880
487524805
1
9

146326063
663952849746181457
1
15504

120
41666667
1
5

178290591
190466649523733184
2
182

40320
150694446705555564
0
28

660911389
13365598481924787
0
3060

362880
450099213100793676
1
36

1
1
2
2

6
166666668
1
1

5040
404166672733333356
1
21

3628800
243762404450099220
1
45

1
1
1
1

1
1
2
2

789741546
81806838321121368
1
560

789741546
15872220793644432
1
1820

1
1
2
2

40320
150694446705555564
1
28

1
1
1
1

2
500000004
2
2

720
808333339
0
6

425606191
53462393927699148
1
680

720
808333339
1
6

227020758
285599764284798096
1
78

1
1
1
1

120
41666667
1
5

120
41666667
0
5

120
41666667
1
5

227020758
285599764284798096
1
78

720
808333339
0
6

1
1
0
1

6
166666668
2
2

5040
404166672733333356
1
21

479001600
141597362132778888
1
66

24
41666667
1
1

6
166666668
1
1

178290591
190466649523733184
1
91

2
500000004
1
1

720
808333339
1
6

24
166666668
0
4

24
166666668
1
4

24
166666668
0
4

40320
900198419
0
8

720
808333339
2
12

39916800
415973606327788824
2
110

789741546
81806838321121368
2
1120

2
1
1
2

120
808333339
1
1

178290591
95199921428266032
1
364

178290591
95199921428266032
1
364

24
250000004000000016
1
6

6
166666668
1
1

120
83333334666666672
2
20

24
41666667
1
1

40320
150694446705555564
0
28

120
41666667
2
10

1
1
0
1

1
1
1
1

39916800
415973606327788824
0
55

6
500000004
2
6

5040
301388891
0
7

425606191
53462393927699148
0
680

40320
150694446705555564
1
28

6
500000004
0
3

720
808333339
2
12

120
41666667
1
5

5040
301388891
2
14

720
20833333666666668
0
15

6
500000004
1
3

39916800
415973606327788824
0
55

24
41666667
2
2

5040
404166672733333356
0
21

2
500000004
1
1

6
500000004
1
3

24
166666668
0
4

5040
301388891
2
14

425606191
20451709580280342
0
2380

1
1
0
1

39916800
415973606327788824
2
110

40320
900198419
1
8

39916800
415973606327788824
2
110

3628800
243762404450099220
0
45

789741546
81806838321121368
1
560

362880
450099213100793676
0
36

479001600
141597362132778888
1
66

24
166666668
1
4

674358851
63488883174577728
2
910

1
1
2
2

120
41666667
0
5

720
808333339
1
6

5040
301388891
0
7

2
500000004
0
1

6
500000004
2
6

362880
487524805
0
9

425606191
20451709580280342
1
2380

6
166666668
2
2

2
500000004
1
1

1
1
0
1

40320
150694446705555564
0
28

6
500000004
0
3

789741546
15872220793644432
0
1820

3628800
243762404450099220
1
45

1
1
2
2

557316307
34224373732128321
2
7752

120
41666667
0
5

1
1
1
1

40320
900198419
2
16

40320
150694446705555564
0
28

24
41666667
1
1

40320
900198419
2
16

24
41666667
1
1

720
808333339
1
6

1
1
1
1

1
1
2
2

40320
900198419
1
8

425606191
20451709580280342
0
2380

2
1
0
2

5040
301388891
1
7

3628800
831947206
1
10

39916800
415973606327788824
2
110

479001600
138657868775929608
2
440

720
808333339
0
6

40320
150694446705555564
0
28

2
1
1
2

6
166666668
1
1

674358851
63488883174577728
1
455

3628800
243762404450099220
2
90

3628800
243762404450099220
1
45

39916800
81254134816699740
1
165

120
41666667
1
5

479001600
138657868775929608
1
220

362880
450099213100793676
1
36

720
20833333666666668
2
30

227020758
285599764284798096
1
78

2
1
1
2

1
1
2
2

227020758
47199120710926296
2
572

2
1
1
2

425606191
20451709580280342
2
4760

120
41666667
1
5

39916800
415973606327788824
2
110

39916800
415973606327788824
0
55

479001600
141597362132778888
0
66

120
41666667
1
5

39916800
415973606327788824
2
110

674358851
63488883174577728
2
910

5040
301388891
1
7

6
166666668
0
1

2
500000004
2
2

3628800
243762404450099220
0
45

40320
150694446705555564
2
56

40320
900198419
1
8

2
500000004
2
2

1
1
1
1

2
500000004
2
2

720
808333339
2
12

5040
404166672733333356
0
21

2
1
0
2

720
808333339
2
12

1
1
1
1

5040
301388891
1
7

479001600
141597362132778888
2
132

425606191
20451709580280342
0
2380

24
166666668
1
4

720
20833333666666668
0
15

2
500000004
0
1

674358851
63488883174577728
1
455

146326063
663952849746181457
1
15504

120
41666667
1
5

2
500000004
0
1

178290591
95199921428266032
1
364

1
1
2
2

178290591
95199921428266032
1
364

24
166666668
1
4

789741546
15872220793644432
0
1820

720
808333339
2
12

1
1
2
2

362880
450099213100793676
1
36

6
500000004
2
6

479001600
141597362132778888
2
132

120
41666667
1
5

479001600
138657868775929608
1
220

1
1
2
2

5040
404166672733333356
1
21

6
166666668
2
2

120
41666667
2
10

6
166666668
1
1

1
1
0
1

39916800
81254134816699740
2
330

120
41666667
2
10

24
41666667
2
2

120
41666667
0
5

6
166666668
2
2

2
500000004
1
1

120
41666667
0
5

6
500000004
1
3

227020758
47199120710926296
1
286

6
166666668
0
1

227020758
285599764284798096
1
78

40320
150694446705555564
2
56

1
1
1
1

120
41666667
1
5

1
1
1
1

2
1
2
4

1
1
1
1

1
1
0
1

6
500000004
1
3

1
1
0
1

1
1
2
2

40320
900198419
2
16

3628800
243762404450099220
1
45

24
166666668
1
4

362880
487524805
0
9

660911389
13365598481924787
0
3060

40320
900198419
1
8

1
1
1
1

479001600
141597362132778888
1
66

5040
404166672733333356
2
42

40320
150694446705555564
1
28

120
41666667
0
5

479001600
141597362132778888
1
66

362880
450099213100793676
1
36

720
808333339
1
6

178290591
95199921428266032
2
728

2
500000004
0
1

24
166666668
0
4

5040
404166672733333356
1
21

6
166666668
1
1

720
808333339
1
6

425606191
20451709580280342
0
2380

2
500000004
1
1

227020758
47199120710926296
0
286

6
500000004
0
3

39916800
415973606327788824
0
55

479001600
141597362132778888
1
66

39916800
81254134816699740
1
165

789741546
15872220793644432
1
1820

660911389
13365598481924787
1
3060

40320
150694446705555564
1
28

6
166666668
1
1

1
1
0
1

6
166666668
1
1

6
166666668
2
2

1
1
2
2

227020758
47199120710926296
1
286

362880
450099213100793676
2
72

120
41666667
2
10

789741546
81806838321121368
1
560

2
500000004
2
2

120
41666667
1
5

557316307
34224373732128321
0
3876

362880
450099213100793676
1
36

479001600
141597362132778888
0
66

660911389
13365598481924787
1
3060

2
500000004
1
1

178290591
95199921428266032
0
364

6
166666668
2
2

6
166666668
2
2

227020758
47199120710926296
1
286

1
1
0
1

1
1
0
1

720
808333339
1
6

660911389
13365598481924787
1
3060

1
1
2
2

1
1
1
1

425606191
20451709580280342
1
2380

178290591
95199921428266032
0
364

24
41666667
2
2

39916800
415973606327788824
2
110

1
1
0
1

227020758
285599764284798096
1
78

6
500000004
0
3

120
41666667
2
10

3628800
150033071033597892
1
120

1
1
1
1

674358851
63488883174577728
1
455

1
1
2
2

3628800
243762404450099220
1
45

479001600
141597362132778888
1
66

3628800
243762404450099220
1
45

1
1
1
1

2
500000004
1
1

120
41666667
2
10

362880
450099213100793676
1
36

2
1
1
2

479001600
138657868775929608
1
220

120
41666667
0
5

1
1
1
1

5040
404166672733333356
1
21

120
41666667
1
5

1
1
1
1

1
1
1
1

2
1
1
2

674358851
63488883174577728
2
910

40320
900198419
1
8

40320
150694446705555564
2
56

720
808333339
0
6

1
1
1
1

660911389
13365598481924787
1
3060

24
166666668
1
4

362880
450099213100793676
0
36

120
41666667
2
10

1
1
2
2

2
500000004
0
1

40320
900198419
2
16

24
166666668
1
4

720
808333339
1
6

789741546
81806838321121368
0
560

1
1
2
2

479001600
141597362132778888
2
132

39916800
415973606327788824
1
55

789741546
15872220793644432
1
1820

1
1
2
2

39916800
415973606327788824
1
55

1
1
1
1

39916800
415973606327788824
1
55

720
808333339
0
6

178290591
95199921428266032
0
364

178290591
95199921428266032
1
364

120
41666667
1
5

2
500000004
2
2

479001600
138657868775929608
0
220

720
808333339
2
12

1
1
1
1

227020758
47199120710926296
2
572

720
808333339
1
6

3628800
243762404450099220
0
45

24
166666668
0
4

1
1
1
1

120
41666667
1
5

2
1
0
2

6
500000004
1
3

120
41666667
0
5

6
500000004
0
3

1
1
2
2

40320
150694446705555564
0
28

720
808333339
0
6

2
500000004
2
2

479001600
141597362132778888
0
66

362880
450099213100793676
1
36

720
808333339
0
6

1
1
1
1

720
808333339
2
12

120
41666667
1
5

5040
301388891
1
7

3628800
150033071033597892
0
120

39916800
415973606327788824
2
110

720
808333339
0
6

1
1
0
1

479001600
141597362132778888
1
66

5040
301388891
1
7

1
1
1
1

362880
450099213100793676
2
72

2
500000004
0
1

3628800
243762404450099220
1
45

6
500000004
1
3

39916800
415973606327788824
1
55

674358851
63488883174577728
1
455

178290591
95199921428266032
1
364

3628800
150033071033597892
0
120

2
500000004
0
1

362880
450099213100793676
2
72

40320
900198419
0
8

2
1
1
2

2
500000004
2
2

39916800
415973606327788824
0
55

2
500000004
1
1

120
41666667
0
5

720
808333339
2
12

1
1
1
1

674358851
63488883174577728
1
455

1
1
1
1

227020758
285599764284798096
1
78

40320
150694446705555564
2
56

1
1
1
1

178290591
95199921428266032
2
728

5040
301388891
1
7

6
500000004
1
3

6
500000004
1
3

720
808333339
1
6

3628800
243762404450099220
0
45

120
41666667
1
5

3628800
831947206
1
10

557316307
259292610292721379
1
11628

39916800
415973606327788824
1
55

120
41666667
0
5

660911389
13365598481924787
1
3060

178290591
95199921428266032
2
728

40320
900198419
1
8

120
808333339
1
1

120
41666667
1
5

6
500000004
2
6

39916800
415973606327788824
1
55

1
1
2
2

674358851
245420514963364104
1
105

178290591
95199921428266032
0
364

362880
487524805
1
9

2
1
0
2

3628800
243762404450099220
1
45

24
250000004000000016
1
6

362880
450099213100793676
2
72

425606191
20451709580280342
0
2380

362880
450099213100793676
0
36

6
500000004
1
3

24
41666667
1
1

1
1
1
1

1
1
1
1

1
1
0
1

2
500000004
1
1

3628800
243762404450099220
1
45

1
1
1
1

3628800
243762404450099220
1
45

1
1
1
1

2
500000004
2
2

5040
301388891
0
7

660911389
13365598481924787
0
3060

2
500000004
2
2

39916800
81254134816699740
1
165

24
166666668
1
4

72847302
597226227561740535
0
20349

5040
404166672733333356
1
21

39916800
415973606327788824
1
55

557316307
34224373732128321
0
3876

1
1
1
1

6
166666668
2
2

1
1
1
1

1
1
1
1

2
500000004
0
1

39916800
415973606327788824
0
55

39916800
415973606327788824
2
110

720
808333339
1
6

6
500000004
2
6

39916800
415973606327788824
1
55

720
808333339
0
6

39916800
415973606327788824
1
55

479001600
141597362132778888
2
132

120
41666667
0
5

674358851
63488883174577728
2
910

3628800
150033071033597892
1
120

1
1
1
1

24
166666668
1
4

1
1
1
1

1
1
1
1

2
1
1
2

24
166666668
1
4

5040
301388891
0
7

120
41666667
1
5

6
500000004
2
6

6
166666668
2
2

1
1
1
1

2
500000004
2
2

120
83333334666666672
0
10

6
500000004
0
3

1
1
2
2

362880
487524805
2
18

6
166666668
2
2

6
500000004
1
3

5040
301388891
1
7

720
808333339
1
6

1
1
1
1

39916800
415973606327788824
0
55

24
166666668
0
4

5040
404166672733333356
1
21

479001600
138657868775929608
0
220

720
808333339
1
6

6
500000004
1
3

2
500000004
1
1

40320
900198419
2
16

120
41666667
2
10

789741546
15872220793644432
0
1820

3628800
243762404450099220
1
45

3628800
243762404450099220
1
45

6
166666668
1
1

1
1
1
1

1
1
2
2

227020758
47199120710926296
1
286

178290591
95199921428266032
2
728

789741546
81806838321121368
2
1120

6
166666668
1
1

6
166666668
1
1

120
41666667
2
10

40320
900198419
1
8

1
1
1
1

178290591
95199921428266032
1
364

120
41666667
2
10

2
1
1
2

362880
450099213100793676
1
36

557316307
259292610292721379
0
11628

2
500000004
0
1

120
41666667
0
5

6
500000004
2
6

425606191
20451709580280342
1
2380

1
1
1
1

1
1
1
1

2
500000004
1
1

720
808333339
0
6

5040
301388891
2
14

362880
450099213100793676
2
72

362880
487524805
2
18

2
500000004
2
2

6
500000004
1
3

227020758
47199120710926296
1
286

720
808333339
2
12

425606191
53462393927699148
1
680

24
166666668
0
4

39916800
81254134816699740
0
165

24
166666668
1
4

1
1
0
1

39916800
415973606327788824
0
55

24
41666667
1
1

120
41666667
1
5

1
1
1
1

425606191
53462393927699148
2
1360

720
808333339
2
12

24
166666668
1
4

2
1
2
4

227020758
47199120710926296
0
286

120
41666667
0
5

5040
301388891
2
14

72847302
597226227561740535
0
20349

227020758
47199120710926296
0
286

1
1
2
2

2
1
0
2

1
1
1
1

660911389
13365598481924787
1
3060

40320
900198419
2
16

479001600
141597362132778888
2
132

178290591
95199921428266032
0
364

40320
150694446705555564
1
28

1
1
1
1

40320
150694446705555564
0
28

1
1
1
1

5040
301388891
1
7

362880
450099213100793676
1
36

1
1
0
1

789741546
15872220793644432
1
1820

5040
404166672733333356
1
21

6
500000004
1
3

120
83333334666666672
0
10

674358851
23799980357066508
1
1365

2
500000004
1
1

6
500000004
1
3

178290591
95199921428266032
1
364

425606191
20451709580280342
1
2380

479001600
138657868775929608
1
220

5040
301388891
1
7

1
1
1
1

5040
301388891
1
7

2
500000004
1
1

3628800
243762404450099220
1
45

39916800
415973606327788824
1
55

557316307
34224373732128321
1
3876

6
500000004
0
3

24
166666668
0
4

720
808333339
1
6

39916800
415973606327788824
2
110

178290591
95199921428266032
2
728

720
808333339
0
6

362880
450099213100793676
0
36

3628800
243762404450099220
1
45

720
808333339
0
6

40320
150694446705555564
1
28

3628800
243762404450099220
1
45

557316307
34224373732128321
1
3876

39916800
415973606327788824
1
55

146326063
30784857121278855
1
4845

39916800
415973606327788824
2
110

40320
150694446705555564
1
28

720
20833333666666668
1
15

3628800
243762404450099220
2
90

120
83333334666666672
1
10

3628800
150033071033597892
1
120

120
41666667
1
5

40320
900198419
0
8

1
1
1
1

39916800
415973606327788824
1
55

2
1
0
2

24
41666667
1
1

227020758
47199120710926296
1
286

1
1
0
1

3628800
243762404450099220
1
45

40320
150694446705555564
0
28

178290591
95199921428266032
1
364

720
808333339
0
6

6
166666668
2
2

1
1
1
1

6
500000004
0
3

660911389
13365598481924787
2
6120

1
1
0
1

557316307
34224373732128321
2
7752

1
1
2
2

1
1
1
1

1
1
2
2

24
166666668
1
4

6
500000004
1
3

789741546
81806838321121368
0
560

425606191
20451709580280342
1
2380

5040
301388891
1
7

178290591
95199921428266032
2
728

362880
450099213100793676
1
36

720
808333339
1
6

5040
301388891
1
7

2
500000004
0
1

1
1
2
2

1
1
1
1

2
500000004
1
1

425606191
20451709580280342
1
2380

362880
487524805
1
9

674358851
63488883174577728
1
455

24
166666668
1
4

362880
450099213100793676
0
36

5040
301388891
2
14

227020758
47199120710926296
2
572

660911389
13365598481924787
1
3060

6
500000004
0
3

5040
301388891
1
7

24
166666668
2
8

6
166666668
2
2

227020758
285599764284798096
1
78

72847302
597226227561740535
1
20349

1
1
2
2

178290591
95199921428266032
1
364

1
1
1
1

146326063
30784857121278855
2
9690

479001600
141597362132778888
1
66

1
1
2
2

3628800
243762404450099220
2
90

1
1
1
1

479001600
138657868775929608
1
220

24
166666668
1
4

2
500000004
1
1

39916800
81254134816699740
2
330

39916800
415973606327788824
1
55

425606191
20451709580280342
2
4760

39916800
415973606327788824
2
110

1
1
0
1

2
500000004
2
2

2
500000004
0
1

362880
487524805
1
9

24
166666668
1
4

2
500000004
2
2

1
1
2
2

362880
450099213100793676
1
36

146326063
663952849746181457
0
15504

720
808333339
1
6

674358851
63488883174577728
0
455

720
20833333666666668
1
15

1
1
0
1

789741546
15872220793644432
1
1820

660911389
13365598481924787
0
3060

674358851
63488883174577728
1
455

1
1
1
1

227020758
285599764284798096
0
78

1
1
2
2

120
41666667
2
10

227020758
47199120710926296
2
572

720
808333339
1
6

1
1
1
1

557316307
34224373732128321
1
3876

227020758
285599764284798096
2
156

227020758
47199120710926296
0
286

6
500000004
1
3

479001600
141597362132778888
1
66

557316307
259292610292721379
1
11628

24
166666668
2
8

362880
487524805
1
9

39916800
415973606327788824
1
55

720
808333339
1
6

2
500000004
1
1

178290591
190466649523733184
2
182

5040
301388891
1
7

178290591
190466649523733184
1
91

24
166666668
2
8

362880
450099213100793676
1
36

40320
150694446705555564
1
28

227020758
47199120710926296
1
286

1
1
1
1

178290591
95199921428266032
2
728

5040
301388891
2
14

720
20833333666666668
2
30

178290591
95199921428266032
2
728

2
500000004
1
1

3628800
243762404450099220
1
45

3628800
243762404450099220
0
45

120
41666667
0
5

674358851
63488883174577728
0
455

1
1
1
1

146326063
30784857121278855
0
4845

789741546
81806838321121368
2
1120

1
1
2
2

6
166666668
1
1

227020758
47199120710926296
0
286

24
166666668
1
4

178290591
190466649523733184
1
91

24
41666667
2
2

120
83333334666666672
1
10

720
808333339
1
6

5040
404166672733333356
2
42

1
1
2
2

178290591
190466649523733184
2
182

1
1
1
1

2
500000004
1
1

2
500000004
1
1

720
808333339
2
12

1
1
1
1

720
808333339
1
6

6
166666668
1
1

40320
150694446705555564
1
28

40320
900198419
2
16

3628800
243762404450099220
0
45

720
808333339
2
12

40320
150694446705555564
2
56

120
83333334666666672
1
10

227020758
285599764284798096
2
156

362880
487524805
1
9

362880
450099213100793676
0
36

5040
301388891
1
7

40320
150694446705555564
1
28

6
166666668
0
1

40320
900198419
1
8

479001600
141597362132778888
1
66

479001600
141597362132778888
2
132

5040
301388891
1
7

24
41666667
1
1

1
1
2
2

120
41666667
0
5

40320
150694446705555564
0
28

2
500000004
1
1

5040
404166672733333356
0
21

479001600
141597362132778888
2
132

24
166666668
2
8

5040
301388891
1
7

1
1
1
1

227020758
285599764284798096
2
156

789741546
81806838321121368
1
560

1
1
0
1

1
1
0
1

39916800
415973606327788824
0
55

720
808333339
1
6

674358851
63488883174577728
1
455

720
808333339
2
12

40320
150694446705555564
0
28

120
41666667
0
5

1
1
1
1

1
1
2
2

178290591
95199921428266032
2
728

24
166666668
0
4

425606191
20451709580280342
1
2380

1
1
0
1

720
808333339
1
6

362880
450099213100793676
0
36

120
41666667
1
5

720
20833333666666668
1
15

40320
900198419
0
8

24
166666668
1
4

6
500000004
2
6

720
20833333666666668
1
15

789741546
15872220793644432
2
3640

40320
900198419
1
8

2
1
1
2

24
166666668
1
4

2
1
0
2

1
1
2
2

120
41666667
1
5

660911389
13365598481924787
1
3060

5040
301388891
1
7

1
1
1
1

674358851
63488883174577728
1
455

1
1
1
1

1
1
1
1

120
41666667
1
5

1
1
2
2

6
500000004
1
3

120
41666667
1
5

362880
450099213100793676
0
36

6
166666668
1
1

720
808333339
0
6

1
1
1
1

40320
900198419
1
8

1
1
2
2

40320
900198419
2
16

2
500000004
1
1

720
808333339
1
6

227020758
285599764284798096
2
156

720
808333339
0
6

1
1
1
1

479001600
141597362132778888
2
132

1
1
1
1

1
1
1
1

1
1
1
1

120
41666667
0
5

40320
150694446705555564
1
28

789741546
15872220793644432
0
1820

1
1
2
2

3628800
243762404450099220
0
45

425606191
20451709580280342
2
4760

479001600
141597362132778888
1
66

479001600
141597362132778888
1
66

24
166666668
0
4

1
1
1
1

6
500000004
0
3

557316307
34224373732128321
0
3876

1
1
1
1

2
1
0
2

40320
900198419
1
8

1
1
1
1

720
808333339
0
6

40320
150694446705555564
1
28

362880
450099213100793676
1
36

39916800
81254134816699740
0
165

1
1
2
2

39916800
81254134816699740
1
165

674358851
63488883174577728
2
910

24
41666667
2
2

362880
50231482235185188
1
84

178290591
95199921428266032
1
364

40320
150694446705555564
1
28

789741546
15872220793644432
0
1820

5040
301388891
0
7

24
166666668
1
4

24
166666668
0
4

720
808333339
2
12

1
1
1
1

789741546
15872220793644432
2
3640

3628800
243762404450099220
1
45

1
1
1
1

227020758
47199120710926296
1
286

40320
900198419
1
8

24
166666668
2
8

1
1
0
1

2
1
1
2

1
1
1
1

40320
150694446705555564
0
28

362880
450099213100793676
1
36

2
500000004
1
1

6
500000004
1
3

362880
487524805
2
18

39916800
81254134816699740
0
165

40320
150694446705555564
1
28

6
166666668
1
1

24
166666668
1
4

2
500000004
2
2

720
808333339
2
12

3628800
243762404450099220
1
45

2
500000004
1
1

720
808333339
2
12

39916800
415973606327788824
0
55

24
166666668
1
4

5040
301388891
1
7

362880
487524805
1
9

2
500000004
1
1

24
166666668
0
4

120
41666667
1
5

557316307
34224373732128321
1
3876

362880
450099213100793676
2
72

2
500000004
2
2

120
41666667
0
5

39916800
415973606327788824
0
55

660911389
13365598481924787
2
6120

602640637
415523116754612207
0
26334

178290591
190466649523733184
1
91

6
500000004
1
3

5040
301388891
2
14

479001600
141597362132778888
1
66

720
808333339
1
6

5040
301388891
2
14

120
41666667
1
5

362880
450099213100793676
1
36

6
166666668
2
2

720
808333339
2
12

24
166666668
1
4

1
1
1
1

1
1
2
2

         30003 function calls (28687 primitive calls) in 0.057 seconds

   Ordered by: standard name

   ncalls  tottime  percall  cumtime  percall filename:lineno(function)
        9    0.000    0.000    0.000    0.000 <frozen importlib._bootstrap>:102(release)
        9    0.000    0.000    0.000    0.000 <frozen importlib._bootstrap>:142(__init__)
        9    0.000    0.000    0.000    0.000 <frozen importlib._bootstrap>:146(__enter__)
        9    0.000    0.000    0.000    0.000 <frozen importlib._bootstrap>:153(__exit__)
        9    0.000    0.000    0.000    0.000 <frozen importlib._bootstrap>:159(_get_module_lock)
        9    0.000    0.000    0.000    0.000 <frozen importlib._bootstrap>:173(cb)
     15/3    0.000    0.000    0.006    0.002 <frozen importlib._bootstrap>:197(_call_with_frames_removed)
      165    0.000    0.000    0.000    0.000 <frozen importlib._bootstrap>:208(_verbose_message)
        9    0.000    0.000    0.000    0.000 <frozen importlib._bootstrap>:293(__init__)
        9    0.000    0.000    0.000    0.000 <frozen importlib._bootstrap>:297(__enter__)
        9    0.000    0.000    0.000    0.000 <frozen importlib._bootstrap>:304(__exit__)
       36    0.000    0.000    0.000    0.000 <frozen importlib._bootstrap>:307(<genexpr>)
        3    0.000    0.000    0.000    0.000 <frozen importlib._bootstrap>:35(_new_module)
        9    0.000    0.000    0.000    0.000 <frozen importlib._bootstrap>:355(__init__)
       12    0.000    0.000    0.000    0.000 <frozen importlib._bootstrap>:389(cached)
        9    0.000    0.000    0.000    0.000 <frozen importlib._bootstrap>:402(parent)
        9    0.000    0.000    0.000    0.000 <frozen importlib._bootstrap>:410(has_location)
        9    0.000    0.000    0.000    0.000 <frozen importlib._bootstrap>:493(_init_module_attrs)
        9    0.000    0.000    0.004    0.000 <frozen importlib._bootstrap>:553(module_from_spec)
        9    0.000    0.000    0.000    0.000 <frozen importlib._bootstrap>:57(__init__)
      9/2    0.000    0.000    0.006    0.003 <frozen importlib._bootstrap>:641(_load_unlocked)
        9    0.000    0.000    0.000    0.000 <frozen importlib._bootstrap>:698(find_spec)
        9    0.000    0.000    0.000    0.000 <frozen importlib._bootstrap>:77(acquire)
        9    0.000    0.000    0.000    0.000 <frozen importlib._bootstrap>:771(find_spec)
       27    0.000    0.000    0.000    0.000 <frozen importlib._bootstrap>:834(__enter__)
       27    0.000    0.000    0.000    0.000 <frozen importlib._bootstrap>:838(__exit__)
        9    0.000    0.000    0.002    0.000 <frozen importlib._bootstrap>:861(_find_spec)
      9/2    0.000    0.000    0.007    0.003 <frozen importlib._bootstrap>:931(_find_and_load_unlocked)
      9/2    0.000    0.000    0.007    0.003 <frozen importlib._bootstrap>:958(_find_and_load)
       14    0.000    0.000    0.000    0.000 <frozen importlib._bootstrap>:989(_handle_fromlist)
       42    0.000    0.000    0.000    0.000 <frozen importlib._bootstrap_external>:1080(_path_importer_cache)
        9    0.000    0.000    0.002    0.000 <frozen importlib._bootstrap_external>:1117(_get_spec)
        9    0.000    0.000    0.002    0.000 <frozen importlib._bootstrap_external>:1149(find_spec)
        9    0.000    0.000    0.000    0.000 <frozen importlib._bootstrap_external>:1228(_get_spec)
       33    0.000    0.000    0.001    0.000 <frozen importlib._bootstrap_external>:1233(find_spec)
        6    0.000    0.000    0.000    0.000 <frozen importlib._bootstrap_external>:263(cache_from_source)
        9    0.000    0.000    0.000    0.000 <frozen importlib._bootstrap_external>:361(_get_cached)
       33    0.000    0.000    0.000    0.000 <frozen importlib._bootstrap_external>:37(_relax_case)
        3    0.000    0.000    0.000    0.000 <frozen importlib._bootstrap_external>:393(_check_name_wrapper)
        3    0.000    0.000    0.000    0.000 <frozen importlib._bootstrap_external>:430(_validate_bytecode_header)
        3    0.000    0.000    0.000    0.000 <frozen importlib._bootstrap_external>:485(_compile_bytecode)
        6    0.000    0.000    0.000    0.000 <frozen importlib._bootstrap_external>:52(_r_long)
        9    0.000    0.000    0.000    0.000 <frozen importlib._bootstrap_external>:524(spec_from_file_location)
      144    0.000    0.000    0.000    0.000 <frozen importlib._bootstrap_external>:57(_path_join)
      144    0.000    0.000    0.000    0.000 <frozen importlib._bootstrap_external>:59(<listcomp>)
        6    0.000    0.000    0.000    0.000 <frozen importlib._bootstrap_external>:63(_path_split)
        3    0.000    0.000    0.000    0.000 <frozen importlib._bootstrap_external>:669(create_module)
      3/1    0.000    0.000    0.006    0.006 <frozen importlib._bootstrap_external>:672(exec_module)
        3    0.000    0.000    0.001    0.000 <frozen importlib._bootstrap_external>:743(get_code)
       45    0.000    0.000    0.000    0.000 <frozen importlib._bootstrap_external>:75(_path_stat)
        3    0.000    0.000    0.000    0.000 <frozen importlib._bootstrap_external>:800(__init__)
        3    0.000    0.000    0.000    0.000 <frozen importlib._bootstrap_external>:825(get_filename)
        3    0.000    0.000    0.000    0.000 <frozen importlib._bootstrap_external>:830(get_data)
        3    0.000    0.000    0.000    0.000 <frozen importlib._bootstrap_external>:840(path_stats)
        9    0.000    0.000    0.000    0.000 <frozen importlib._bootstrap_external>:85(_path_is_mode_type)
        6    0.000    0.000    0.000    0.000 <frozen importlib._bootstrap_external>:908(__init__)
        6    0.000    0.000    0.003    0.001 <frozen importlib._bootstrap_external>:919(create_module)
        6    0.000    0.000    0.000    0.000 <frozen importlib._bootstrap_external>:927(exec_module)
        9    0.000    0.000    0.000    0.000 <frozen importlib._bootstrap_external>:94(_path_isfile)
     1035    0.003    0.000    0.004    0.000 __init__.py:516(__init__)
      278    0.000    0.000    0.000    0.000 __init__.py:536(__missing__)
     1035    0.001    0.000    0.001    0.000 __init__.py:585(update)
      990    0.005    0.000    0.009    0.000 __init__.py:709(__sub__)
        2    0.000    0.000    0.000    0.000 _collections_abc.py:392(__subclasshook__)
        2    0.000    0.000    0.000    0.000 _weakrefset.py:16(__init__)
        2    0.000    0.000    0.000    0.000 _weakrefset.py:20(__enter__)
        2    0.000    0.000    0.000    0.000 _weakrefset.py:26(__exit__)
        2    0.000    0.000    0.000    0.000 _weakrefset.py:36(__init__)
        2    0.000    0.000    0.000    0.000 _weakrefset.py:52(_commit_removals)
        4    0.000    0.000    0.000    0.000 _weakrefset.py:58(__iter__)
       47    0.000    0.000    0.000    0.000 _weakrefset.py:70(__contains__)
        2    0.000    0.000    0.000    0.000 _weakrefset.py:81(add)
       45    0.000    0.000    0.000    0.000 abc.py:178(__instancecheck__)
      2/1    0.000    0.000    0.000    0.000 abc.py:194(__subclasscheck__)
        1    0.000    0.000    0.000    0.000 bisect.py:1(<module>)
        2    0.000    0.000    0.000    0.000 codecs.py:318(decode)
       14    0.000    0.000    0.001    0.000 hashlib.py:116(__get_openssl_constructor)
        1    0.000    0.000    0.004    0.004 hashlib.py:54(<module>)
        8    0.000    0.000    0.001    0.000 hashlib.py:73(__get_builtin_constructor)
        1    0.000    0.000    0.001    0.001 max_palindrome.py:22(initialize)
        1    0.005    0.005    0.057    0.057 max_palindrome.py:3(<module>)
  1320/44    0.001    0.000    0.001    0.000 max_palindrome.py:40(exp_by_squaring)
      990    0.007    0.000    0.022    0.000 max_palindrome.py:59(answerQuery)
      990    0.001    0.000    0.001    0.000 max_palindrome.py:65(<dictcomp>)
      990    0.000    0.000    0.000    0.000 max_palindrome.py:66(<dictcomp>)
        1    0.000    0.000    0.006    0.006 random.py:38(<module>)
        1    0.000    0.000    0.000    0.000 random.py:663(SystemRandom)
        1    0.000    0.000    0.000    0.000 random.py:71(Random)
        1    0.000    0.000    0.000    0.000 random.py:87(__init__)
        1    0.000    0.000    0.000    0.000 random.py:96(seed)
        2    0.000    0.000    0.000    0.000 {built-in method _codecs.utf_8_decode}
      990    0.001    0.000    0.001    0.000 {built-in method _functools.reduce}
        1    0.000    0.000    0.000    0.000 {built-in method _hashlib.openssl_md5}
        1    0.000    0.000    0.000    0.000 {built-in method _hashlib.openssl_sha1}
        1    0.000    0.000    0.000    0.000 {built-in method _hashlib.openssl_sha224}
        1    0.000    0.000    0.000    0.000 {built-in method _hashlib.openssl_sha256}
        1    0.000    0.000    0.000    0.000 {built-in method _hashlib.openssl_sha384}
        1    0.000    0.000    0.000    0.000 {built-in method _hashlib.openssl_sha512}
        3    0.000    0.000    0.000    0.000 {built-in method _imp._fix_co_filename}
       27    0.000    0.000    0.000    0.000 {built-in method _imp.acquire_lock}
        6    0.003    0.001    0.003    0.001 {built-in method _imp.create_dynamic}
        6    0.000    0.000    0.000    0.000 {built-in method _imp.exec_dynamic}
        9    0.000    0.000    0.000    0.000 {built-in method _imp.is_builtin}
        9    0.000    0.000    0.000    0.000 {built-in method _imp.is_frozen}
       36    0.000    0.000    0.000    0.000 {built-in method _imp.release_lock}
       18    0.000    0.000    0.000    0.000 {built-in method _thread.allocate_lock}
       18    0.000    0.000    0.000    0.000 {built-in method _thread.get_ident}
        2    0.000    0.000    0.000    0.000 {built-in method builtins.__build_class__}
        9    0.000    0.000    0.000    0.000 {built-in method builtins.any}
      4/1    0.000    0.000    0.057    0.057 {built-in method builtins.exec}
       68    0.000    0.000    0.000    0.000 {built-in method builtins.getattr}
       14    0.000    0.000    0.000    0.000 {built-in method builtins.globals}
       66    0.000    0.000    0.000    0.000 {built-in method builtins.hasattr}
      992    0.020    0.000    0.020    0.000 {built-in method builtins.input}
     1081    0.000    0.000    0.000    0.000 {built-in method builtins.isinstance}
      3/2    0.000    0.000    0.000    0.000 {built-in method builtins.issubclass}
     2082    0.000    0.000    0.000    0.000 {built-in method builtins.len}
      990    0.000    0.000    0.000    0.000 {built-in method builtins.max}
     4007    0.004    0.000    0.004    0.000 {built-in method builtins.print}
     1980    0.001    0.000    0.001    0.000 {built-in method builtins.sum}
        6    0.000    0.000    0.000    0.000 {built-in method from_bytes}
        3    0.000    0.000    0.000    0.000 {built-in method marshal.loads}
        1    0.000    0.000    0.000    0.000 {built-in method math.exp}
        2    0.000    0.000    0.000    0.000 {built-in method math.log}
        1    0.000    0.000    0.000    0.000 {built-in method math.sqrt}
       15    0.000    0.000    0.000    0.000 {built-in method posix.fspath}
       18    0.000    0.000    0.000    0.000 {built-in method posix.getcwd}
       45    0.000    0.000    0.000    0.000 {built-in method posix.stat}
       45    0.000    0.000    0.000    0.000 {function Counter.update at 0x103389378}
        1    0.000    0.000    0.000    0.000 {function Random.seed at 0x10350c378}
        1    0.000    0.000    0.000    0.000 {method '__subclasses__' of 'type' objects}
        4    0.000    0.000    0.000    0.000 {method 'add' of 'set' objects}
      133    0.000    0.000    0.000    0.000 {method 'append' of 'list' objects}
        1    0.000    0.000    0.000    0.000 {method 'disable' of '_lsprof.Profiler' objects}
       15    0.000    0.000    0.000    0.000 {method 'endswith' of 'str' objects}
       10    0.000    0.000    0.000    0.000 {method 'get' of 'dict' objects}
     3960    0.001    0.000    0.001    0.000 {method 'items' of 'dict' objects}
      150    0.000    0.000    0.000    0.000 {method 'join' of 'str' objects}
        3    0.000    0.000    0.000    0.000 {method 'read' of '_io.FileIO' objects}
        2    0.000    0.000    0.000    0.000 {method 'remove' of 'set' objects}
       63    0.000    0.000    0.000    0.000 {method 'rpartition' of 'str' objects}
     1284    0.000    0.000    0.000    0.000 {method 'rstrip' of 'str' objects}
      990    0.001    0.000    0.001    0.000 {method 'split' of 'str' objects}
        1    0.000    0.000    0.000    0.000 {method 'strip' of 'str' objects}
        1    0.000    0.000    0.000    0.000 {method 'union' of 'set' objects}
     1980    0.000    0.000    0.000    0.000 {method 'values' of 'dict' objects}


