initialize
[1, 1, 2, 6, 24, 120, 720, 5040, 40320, 362880, 3628800, 39916800, 479001600, 2227020772, 3178290612, 3674358872, 2789741560, 3425606212, 1660911396, 3557316328, 3146326084, 2072847316, 1602640644, 860734560, 657629300, 440732388, 3459042032, 1394134220, 3035757908, 36978716, 1109361480, 2390205656, 486580460, 57155068, 1943272312, 14530444, 523095984, 3354551296, 3472948380, 3444985896, 1799434888, 1776829904, 2626855464, 954784168, 2010503112]
done
2
1
4
8

1
1
3
3

40320
4
6
60480

24
1
6
144

2
1
8
16

1
1
7
7

362880
4
6
544320

2
1
7
14

5040
1
11
55440

120
1
7
840

1
1
3
3

24
1
6
144

1
1
2
2

1
1
7
7

2
1
1
2

720
1
7
5040

362880
2
11
1995840

6
1
2
12

1
1
2
2

40320
2
9
181440

24
1
6
144

6
1
3
18

720
2
7
2520

6
2
1
3

1
1
1
1

24
2
7
84

24
1
10
240

1
1
1
1

1
1
7
7

1
1
2
2

6
1
6
36

1
1
7
7

1
1
0
1

5040
2
7
17640

720
2
4
1440

720
2
7
2520

362880
2
10
1814400

24
1
7
168

6
1
8
48

40320
1
11
443520

6
1
9
54

3628800
2
9
16329600

720
2
7
2520

120
1
11
1320

39916800
4
10
99792000

2
1
3
6

720
1
6
4320

24
2
4
48

120
1
10
1200

40320
2
7
141120

6
2
3
9

3178290612
4
11
740299127

479001600
4
13
556755193

1
1
1
1

2
1
6
12

2
1
7
14

5040
1
12
60480

2
1
6
12

120
2
4
240

1
1
1
1

5040
2
8
20160

1
1
3
3

2
1
4
8

120
1
10
1200

2
1
6
12

1
1
4
4

5040
2
7
17640

24
2
4
48

2
1
8
16

1
1
3
3

1
1
7
7

120
1
6
720

1
1
3
3

1
1
2
2

120
1
7
840

120
2
6
360

362880
4
6
544320

5040
2
7
17640

5040
2
7
17640

1
1
3
3

1
1
4
4

362880
2
7
1270080

24
2
6
72

120
2
4
240

39916800
4
9
89812800

1
1
8
8

1
1
7
7

120
1
3
360

2
1
8
16

2
1
10
20

6
1
9
54

2
1
3
6

6
1
8
48

39916800
4
10
99792000

120
1
6
720

2
2
5
5

24
1
10
240

24
1
8
192

1
1
2
2

720
1
7
5040

1
1
2
2

39916800
4
12
119750400

39916800
4
11
109771200

5040
1
8
40320

720
2
8
2880

479001600
4
11
317254393

720
2
8
2880

1
1
1
1

1
1
4
4

5040
2
7
17640

2
1
9
18

1
1
2
2

120
2
4
240

720
2
7
2520

6
1
7
42

1
1
3
3

39916800
4
11
109771200

1
1
9
9

1
1
1
1

479001600
4
10
197503993

1
1
1
1

720
2
6
2160

479001600
4
15
796255993

720
2
8
2880

1
1
2
2

1
1
3
3

2
1
5
10

1
1
2
2

1
1
5
5

6
1
6
36

1
1
2
2

120
2
7
420

2
1
6
12

1
1
5
5

24
1
7
168

120
2
8
480

5040
2
7
17640

120
2
4
240

362880
4
10
907200

1
1
3
3

5040
1
10
50400

479001600
4
9
77753593

6
2
2
6

24
2
5
60

6
1
3
18

3674358872
4
14
860255968

479001600
4
12
437004793

3628800
4
9
8164800

1
1
7
7

120
1
8
960

40320
2
8
161280

39916800
4
9
89812800

720
2
9
3240

1
1
3
3

24
2
5
60

1
1
1
1

1
1
5
5

1
1
3
3

5040
2
10
25200

3178290612
4
11
740299127

1
1
3
3

479001600
4
11
317254393

6
1
7
42

3628800
4
6
5443200

6
1
6
36

24
1
2
48

120
1
6
720

720
2
5
1800

1
1
7
7

2
1
2
4

5040
2
6
15120

6
1
8
48

362880
2
10
1814400

1
1
7
7

120
2
5
300

2
1
4
8

1
1
3
3

720
2
5
1800

1
1
8
8

1
1
1
1

479001600
4
12
437004793

720
2
6
2160

1
1
1
1

1
1
4
4

1
1
6
6

1
1
4
4

2
2
4
4

1
1
2
2

2227020772
4
15
351327839

1
1
4
4

1
1
6
6

39916800
4
10
99792000

6
1
7
42

3628800
4
10
9072000

6
1
8
48

39916800
4
8
79833600

24
1
8
192

6
1
6
36

40320
2
11
221760

720
1
6
4320

720
2
7
2520

40320
2
11
221760

1
1
8
8

1
1
5
5

2
1
3
6

6
2
6
18

2
1
4
8

6
1
3
18

6
1
6
36

2
1
7
14

24
1
5
120

120
2
7
420

720
1
8
5760

3674358872
4
13
941666257

3628800
2
10
18144000

720
1
5
3600

1
1
2
2

6
1
3
18

1
1
7
7

1
1
3
3

362880
2
9
1632960

1
1
5
5

24
1
8
192

120
2
9
540

1
1
2
2

6
1
7
42

120
1
6
720

40320
2
12
241920

120
2
2
120

1
1
4
4

1
1
2
2

120
1
6
720

5040
2
8
20160

24
1
6
144

39916800
4
9
89812800

5040
2
9
22680

2
1
7
14

5040
1
11
55440

1
1
4
4

3628800
4
11
9979200

720
1
12
8640

720
2
7
2520

1
1
3
3

1
1
1
1

6
1
5
30

2
1
8
16

24
1
6
144

1
1
6
6

1
1
4
4

3628800
4
6
5443200

1
1
6
6

40320
2
9
181440

24
2
2
24

2
1
2
4

40320
2
7
141120

1
1
4
4

1
1
4
4

720
1
9
6480

2
1
9
18

1
1
4
4

1
1
1
1

720
1
11
7920

1
1
3
3

1
1
2
2

24
1
9
216

1
1
5
5

24
1
7
168

1
1
2
2

1
1
6
6

2
1
6
12

3628800
4
8
7257600

1
1
3
3

2
1
7
14

6
1
3
18

1
1
1
1

24
1
11
264

5040
2
12
30240

6
2
3
9

2
1
5
10

24
1
7
168

40320
2
8
161280

2
1
9
18

24
1
5
120

720
1
8
5760

1
1
6
6

720
1
11
7920

6
1
7
42

39916800
4
7
69854400

1
1
7
7

720
1
8
5760

2
1
4
8

1
1
3
3

1
1
4
4

1
1
7
7

2227020772
4
10
567551895

362880
2
8
1451520

2227020772
4
11
124307081

120
2
1
60

1
1
4
4

39916800
4
7
69854400

1
1
1
1

1
1
3
3

1
1
1
1

40320
2
10
201600

1
1
4
4

40320
2
6
120960

120
1
7
840

24
2
4
48

6
1
7
42

720
1
10
7200

5040
2
11
27720

1
1
4
4

40320
2
8
161280

1
1
2
2

120
1
7
840

2
1
6
12

1
1
2
2

3628800
4
7
6350400

1
1
2
2

1
1
6
6

120
1
5
600

1
1
3
3

24
1
9
216

1
1
1
1

24
2
2
24

3674358872
4
9
267307406

120
1
4
480

39916800
4
10
99792000

3628800
4
5
4536000

2
1
3
6

362880
2
8
1451520

40320
2
10
201600

1
1
5
5

1
1
4
4

24
2
7
84

6
1
5
30

3628800
4
9
8164800

1
1
5
5

1
1
1
1

1
1
4
4

1
1
2
2

1
1
3
3

2
1
8
16

1
1
4
4

1
1
4
4

120
2
7
420

362880
2
10
1814400

1
1
4
4

5040
2
9
22680

2
1
3
6

1
1
6
6

2
1
8
16

39916800
4
10
99792000

1
1
5
5

1
1
5
5

362880
2
11
1995840

6
2
8
24

39916800
4
12
119750400

1
1
8
8

720
1
12
8640

120
1
9
1080

1
1
5
5

720
1
12
8640

1
1
5
5

362880
2
10
1814400

1
1
1
1

3628800
4
12
10886400

3628800
4
6
5443200

2227020772
4
9
10796702

1
1
5
5

1
1
5
5

2
1
3
6

479001600
4
9
77753593

120
2
7
420

2
2
3
3

2
1
4
8

720
1
12
8640

6
1
6
36

1
1
6
6

3674358872
4
12
23076539

39916800
4
10
99792000

1
1
0
1

1
1
2
2

2
1
4
8

120
2
4
240

6
1
9
54

6
1
4
24

1
1
6
6

1
1
1
1

1
1
6
6

479001600
4
13
556755193

40320
2
7
141120

1
1
4
4

3628800
4
11
9979200

5040
2
7
17640

1
1
2
2

1
1
2
2

3628800
4
10
9072000

1
1
4
4

1
1
1
1

1
1
1
1

1
1
5
5

2
1
11
22

1
1
1
1

1
1
3
3

1
1
1
1

720
2
5
1800

120
1
9
1080

1
1
2
2

120
1
9
1080

1
1
1
1

3178290612
4
14
124017065

1
1
5
5

2
1
2
4

120
1
8
960

1
1
3
3

720
1
10
7200

120
1
11
1320

5040
2
8
20160

24
2
2
24

1
1
5
5

6
1
8
48

39916800
4
9
89812800

362880
4
8
725760

1
1
2
2

6
1
5
30

5040
2
5
12600

24
2
6
72

24
1
8
192

1
1
1
1

24
2
4
48

1
1
1
1

120
2
5
300

24
1
4
96

1
1
3
3

1
1
1
1

40320
2
8
161280

40320
2
12
241920

1
1
2
2

1
1
9
9

1
1
1
1

6
2
4
12

2
1
2
4

1
1
2
2

24
2
5
60

3628800
4
7
6350400

479001600
4
9
77753593

2227020772
4
12
681062274

3674358872
4
10
185897117

1
1
1
1

120
2
7
420

1
1
10
10

362880
4
7
635040

2
2
6
6

720
2
6
2160

5040
2
6
15120

1
1
1
1

24
2
3
36

6
1
8
48

5040
2
8
20160

1
1
5
5

6
2
7
21

24
1
4
96

1
1
2
2

1
1
6
6

24
1
3
72

5040
2
7
17640

1
1
7
7

3628800
4
10
9072000

3674358872
4
11
104486828

120
2
6
360

720
2
6
2160

6
1
5
30

2
1
6
12

720
1
9
6480

6
1
5
30

2
1
5
10

1
1
5
5

2
1
6
12

1
1
8
8

362880
2
10
1814400

2
1
6
12

120
1
11
1320

1
1
9
9

1
1
2
2

479001600
4
11
317254393

1
1
1
1

6
2
2
6

40320
2
8
161280

40320
2
6
120960

40320
2
11
221760

479001600
4
14
676505593

1
1
1
1

5040
2
8
20160

2227020772
4
13
237817460

5040
1
12
60480

6
1
6
36

1
1
3
3

120
1
3
360

1
1
3
3

720
2
3
1080

479001600
4
12
437004793

1
1
4
4

5040
2
10
25200

1
1
1
1

1
1
5
5

1
1
1
1

6
1
7
42

39916800
4
11
109771200

1
1
5
5

120
1
5
600

5040
1
13
65520

1
1
7
7

2
1
5
10

1
1
6
6

1
1
3
3

720
2
7
2520

39916800
4
11
109771200

3628800
4
6
5443200

479001600
4
11
317254393

720
2
8
2880

720
2
7
2520

720
2
7
2520

479001600
4
11
317254393

5040
1
9
45360

1
1
3
3

39916800
4
10
99792000

1
1
4
4

120
1
9
1080

720
2
9
3240

2227020772
4
14
794572653

362880
4
6
544320

5040
2
6
15120

1
1
1
1

3628800
2
10
18144000

479001600
4
10
197503993

1
1
4
4

1
1
6
6

6
1
4
24

40320
4
6
60480

479001600
4
8
958003200

3628800
4
7
6350400

120
1
6
720

1
1
6
6

720
2
6
2160

39916800
4
9
89812800

2
1
5
10

24
1
9
216

6
1
5
30

39916800
4
8
79833600

1
1
2
2

1
1
3
3

120
1
4
480

39916800
4
7
69854400

1
1
1
1

39916800
4
9
89812800

362880
4
8
725760

24
1
7
168

1
1
1
1

24
2
8
96

24
1
4
96

5040
4
7
8820

1
1
2
2

720
2
8
2880

120
2
5
300

24
1
8
192

6
1
7
42

2
1
9
18

1
1
2
2

1
1
7
7

1
1
4
4

2
1
5
10

720
2
8
2880

120
1
9
1080

39916800
4
8
79833600

120
2
6
360

5040
1
10
50400

2
1
7
14

2
1
8
16

2
1
7
14

3628800
2
10
18144000

1
1
5
5

2
1
6
12

120
2
8
480

362880
4
6
544320

1
1
6
6

1
1
1
1

2227020772
4
9
10796702

6
1
6
36

3628800
4
10
9072000

120
2
5
300

1
1
5
5

1
1
5
5

120
2
8
480

40320
2
7
141120

40320
4
7
70560

2
1
4
8

40320
2
8
161280

2
1
5
10

5040
2
10
25200

1
1
6
6

1
1
2
2

720
2
4
1440

120
1
8
960

39916800
4
10
99792000

1
1
2
2

720
1
7
5040

2
1
4
8

120
2
6
360

1
1
4
4

1
1
7
7

479001600
4
14
676505593

5040
2
8
20160

6
1
6
36

40320
2
7
141120

120
2
7
420

720
1
11
7920

3628800
4
9
8164800

2
1
7
14

120
1
7
840

3674358872
4
13
941666257

24
1
7
168

720
1
7
5040

120
2
6
360

1
1
1
1

1
1
4
4

2
1
5
10

3628800
4
10
9072000

40320
2
10
201600

1
1
4
4

5040
2
7
17640

1
1
3
3

720
2
7
2520

3674358872
4
11
104486828

5040
2
11
27720

2
1
4
8

1
1
4
4

3178290612
4
9
151153828

1
1
5
5

1
1
5
5

1
1
6
6

120
1
7
840

1
1
0
1

1
1
1
1

120
1
7
840

24
1
8
192

120
1
12
1440

24
2
3
36

120
2
5
300

24
1
5
120

2227020772
4
8
454041516

1
1
1
1

1
1
6
6

479001600
4
12
437004793

120
1
5
600

1
1
3
3

479001600
4
8
958003200

6
1
8
48

1
1
2
2

6
1
1
6

479001600
4
12
437004793

5040
1
12
60480

1
1
9
9

39916800
4
8
79833600

2
1
8
16

120
2
5
300

6
1
6
36

1
1
2
2

24
1
6
144

2
1
3
6

3628800
4
7
6350400

720
1
13
9360

120
2
2
120

39916800
4
5
49896000

120
2
4
240

3628800
4
5
4536000

6
2
5
15

6
1
7
42

1
1
8
8

3628800
4
10
9072000

40320
2
11
221760

39916800
4
9
89812800

1
1
1
1

3178290612
4
10
945726481

720
1
8
5760

1
1
10
10

2
1
6
12

1
1
3
3

6
1
6
36

2
1
4
8

5040
2
8
20160

720
1
8
5760

2227020772
4
7
897286330

40320
2
6
120960

1
1
2
2

2
1
2
4

1
1
11
11

1
1
2
2

362880
4
11
997920

24
1
7
168

39916800
4
8
79833600

24
1
9
216

1
1
3
3

720
2
5
1800

1
1
3
3

40320
2
7
141120

2
1
7
14

120
1
8
960

720
1
10
7200

3628800
4
8
7257600

1
1
3
3

1
1
3
3

2
1
7
14

120
1
7
840

1
1
4
4

24
1
6
144

1
1
3
3

3628800
4
9
8164800

1
1
3
3

1
1
3
3

40320
2
10
201600

39916800
4
13
129729600

1
1
4
4

6
1
5
30

120
2
8
480

1
1
1
1

1
1
2
2

5040
2
7
17640

120
2
3
180

362880
2
9
1632960

2
1
7
14

1
1
8
8

120
1
6
720

479001600
4
9
77753593

24
1
8
192

362880
4
5
453600

1
1
1
1

362880
4
9
816480

1
1
4
4

120
1
10
1200

5040
2
9
22680

120
2
7
420

1
1
2
2

120
1
9
1080

39916800
4
8
79833600

120
2
6
360

39916800
4
11
109771200

120
1
2
240

720
1
10
7200

3628800
2
9
16329600

3628800
4
8
7257600

120
1
8
960

6
1
4
24

1
1
2
2

24
2
7
84

720
2
8
2880

1
1
5
5

1
1
3
3

3628800
4
8
7257600

1
1
3
3

40320
2
10
201600

1
1
2
2

24
2
3
36

479001600
4
10
197503993

6
1
8
48

1
1
4
4

40320
2
11
221760

479001600
4
13
556755193

2
1
10
20

6
2
5
15

720
2
6
2160

479001600
4
10
197503993

39916800
4
6
59875200

1
1
5
5

479001600
4
10
197503993

1
1
2
2

2
1
1
2

120
2
3
180

1
1
1
1

479001600
4
16
916006393

24
1
5
120

120
1
10
1200

1
1
3
3

39916800
4
14
139708800

39916800
4
10
99792000

40320
2
7
141120

479001600
4
13
556755193

3628800
4
8
7257600

3178290612
4
10
945726481

5040
2
7
17640

1
1
6
6

1
1
7
7

720
2
8
2880

3628800
4
9
8164800

2
1
2
4

362880
2
6
1088640

39916800
4
9
89812800

1
1
2
2

1
1
5
5

720
1
11
7920

3628800
4
11
9979200

720
1
13
9360

720
1
9
6480

40320
2
11
221760

1
1
4
4

1
1
2
2

120
1
6
720

24
1
10
240

720
2
7
2520

120
2
6
360

40320
2
9
181440

120
1
10
1200

5040
2
6
15120

120
1
8
960

39916800
4
12
119750400

362880
4
7
635040

6
1
7
42

720
1
9
6480

1
1
2
2

2227020772
4
12
681062274

1
1
1
1

1
1
3
3

3178290612
4
12
534871773

5040
1
12
60480

1
1
2
2

720
1
11
7920

720
2
6
2160

720
1
10
7200

24
2
1
12

1
1
2
2

1
1
4
4

1
1
9
9

6
1
4
24

1
1
3
3

479001600
4
11
317254393

24
1
3
72

720
2
7
2520

6
1
5
30

1
1
3
3

6
1
7
42

6
1
3
18

2
1
5
10

2
1
6
12

1
1
8
8

1
1
8
8

479001600
4
12
437004793

3178290612
4
13
329444419

5040
1
11
55440

24
1
8
192

1
1
6
6

2
2
2
2

1
1
1
1

1
1
9
9

1
1
2
2

5040
1
11
55440

720
2
8
2880

479001600
2
8
916006393

24
1
8
192

6
1
4
24

39916800
4
11
109771200

1
1
5
5

1
1
3
3

1
1
4
4

2
1
4
8

1
1
2
2

1
1
5
5

1
1
1
1

2
1
4
8

720
1
12
8640

1
1
8
8

1
1
3
3

3178290612
4
8
356581182

3628800
4
9
8164800

3674358872
4
10
185897117

720
2
6
2160

1
1
1
1

6
1
4
24

720
1
10
7200

1
1
4
4

40320
2
9
181440

24
1
6
144

2
1
7
14

3628800
4
7
6350400

1
1
5
5

720
2
5
1800

1
1
3
3

3628800
4
9
8164800

720
1
11
7920

362880
4
10
907200

1
1
3
3

120
2
3
180

1
1
2
2

6
1
6
36

6
1
5
30

479001600
4
10
197503993

39916800
4
13
129729600

2
1
8
16

120
1
8
960

5040
2
6
15120

39916800
4
6
59875200

362880
2
8
1451520

1
1
6
6

1
1
6
6

24
1
7
168

6
1
7
42

1
1
6
6

2
1
5
10

120
1
7
840

6
1
7
42

2
1
9
18

1
1
8
8

6
1
8
48

24
1
3
72

6
1
4
24

1
1
2
2

39916800
4
9
89812800

1
1
4
4

1
1
1
1

720
1
11
7920

2
1
3
6

3628800
4
9
8164800

39916800
2
9
179625600

1
1
3
3

720
1
9
6480

1
1
2
2

720
2
6
2160

2
1
5
10

1
1
1
1

1
1
8
8

2
1
5
10

362880
2
7
1270080

120
1
8
960

1
1
5
5

5040
2
8
20160

24
1
9
216

6
1
2
12

1
1
10
10

362880
4
7
635040

720
1
8
5760

479001600
4
14
676505593

39916800
4
12
119750400

1
1
6
6

2
1
4
8

3674358872
4
12
23076539

2227020772
4
11
124307081

120
2
6
360

40320
2
9
181440

1
1
4
4

6
1
4
24

1
1
5
5

39916800
4
11
109771200

24
1
7
168

1
1
3
3

1
1
4
4

5040
2
8
20160

6
1
10
60

1
1
3
3

24
1
7
168

1
1
2
2

120
1
5
600

1
1
2
2

1
1
7
7

1
1
5
5

1
1
9
9

1
1
1
1

720
1
9
6480

1
1
1
1

39916800
2
9
179625600

5040
2
9
22680

479001600
4
15
796255993

2
1
5
10

2
1
6
12

120
1
4
480

362880
2
10
1814400

24
1
9
216

1
1
4
4

362880
2
9
1632960

1
1
2
2

120
2
3
180

1
1
4
4

120
1
9
1080

40320
4
7
70560

120
1
8
960

720
1
10
7200

6
1
9
54

479001600
4
13
556755193

720
1
9
6480

1
1
5
5

2
1
3
6

120
1
5
600

         33627 function calls (33587 primitive calls) in 0.072 seconds

   Ordered by: standard name

   ncalls  tottime  percall  cumtime  percall filename:lineno(function)
        9    0.000    0.000    0.000    0.000 <frozen importlib._bootstrap>:102(release)
        9    0.000    0.000    0.000    0.000 <frozen importlib._bootstrap>:142(__init__)
        9    0.000    0.000    0.000    0.000 <frozen importlib._bootstrap>:146(__enter__)
        9    0.000    0.000    0.000    0.000 <frozen importlib._bootstrap>:153(__exit__)
        9    0.000    0.000    0.000    0.000 <frozen importlib._bootstrap>:159(_get_module_lock)
        9    0.000    0.000    0.000    0.000 <frozen importlib._bootstrap>:173(cb)
     15/3    0.000    0.000    0.016    0.005 <frozen importlib._bootstrap>:197(_call_with_frames_removed)
      165    0.000    0.000    0.000    0.000 <frozen importlib._bootstrap>:208(_verbose_message)
        9    0.000    0.000    0.000    0.000 <frozen importlib._bootstrap>:293(__init__)
        9    0.000    0.000    0.000    0.000 <frozen importlib._bootstrap>:297(__enter__)
        9    0.000    0.000    0.000    0.000 <frozen importlib._bootstrap>:304(__exit__)
       36    0.000    0.000    0.000    0.000 <frozen importlib._bootstrap>:307(<genexpr>)
        3    0.000    0.000    0.000    0.000 <frozen importlib._bootstrap>:35(_new_module)
        9    0.000    0.000    0.000    0.000 <frozen importlib._bootstrap>:355(__init__)
       12    0.000    0.000    0.000    0.000 <frozen importlib._bootstrap>:389(cached)
        9    0.000    0.000    0.000    0.000 <frozen importlib._bootstrap>:402(parent)
        9    0.000    0.000    0.000    0.000 <frozen importlib._bootstrap>:410(has_location)
        9    0.000    0.000    0.000    0.000 <frozen importlib._bootstrap>:493(_init_module_attrs)
        9    0.000    0.000    0.013    0.001 <frozen importlib._bootstrap>:553(module_from_spec)
        9    0.000    0.000    0.000    0.000 <frozen importlib._bootstrap>:57(__init__)
      9/2    0.000    0.000    0.022    0.011 <frozen importlib._bootstrap>:641(_load_unlocked)
        9    0.000    0.000    0.000    0.000 <frozen importlib._bootstrap>:698(find_spec)
        9    0.000    0.000    0.000    0.000 <frozen importlib._bootstrap>:77(acquire)
        9    0.000    0.000    0.000    0.000 <frozen importlib._bootstrap>:771(find_spec)
       27    0.000    0.000    0.000    0.000 <frozen importlib._bootstrap>:834(__enter__)
       27    0.000    0.000    0.000    0.000 <frozen importlib._bootstrap>:838(__exit__)
        9    0.000    0.000    0.002    0.000 <frozen importlib._bootstrap>:861(_find_spec)
      9/2    0.000    0.000    0.022    0.011 <frozen importlib._bootstrap>:931(_find_and_load_unlocked)
      9/2    0.000    0.000    0.022    0.011 <frozen importlib._bootstrap>:958(_find_and_load)
       14    0.000    0.000    0.000    0.000 <frozen importlib._bootstrap>:989(_handle_fromlist)
       42    0.000    0.000    0.001    0.000 <frozen importlib._bootstrap_external>:1080(_path_importer_cache)
        9    0.000    0.000    0.002    0.000 <frozen importlib._bootstrap_external>:1117(_get_spec)
        9    0.000    0.000    0.002    0.000 <frozen importlib._bootstrap_external>:1149(find_spec)
        9    0.000    0.000    0.000    0.000 <frozen importlib._bootstrap_external>:1228(_get_spec)
       33    0.000    0.000    0.001    0.000 <frozen importlib._bootstrap_external>:1233(find_spec)
        6    0.000    0.000    0.000    0.000 <frozen importlib._bootstrap_external>:263(cache_from_source)
        9    0.000    0.000    0.000    0.000 <frozen importlib._bootstrap_external>:361(_get_cached)
       33    0.000    0.000    0.000    0.000 <frozen importlib._bootstrap_external>:37(_relax_case)
        3    0.000    0.000    0.000    0.000 <frozen importlib._bootstrap_external>:393(_check_name_wrapper)
        3    0.000    0.000    0.000    0.000 <frozen importlib._bootstrap_external>:430(_validate_bytecode_header)
        3    0.000    0.000    0.000    0.000 <frozen importlib._bootstrap_external>:485(_compile_bytecode)
        6    0.000    0.000    0.000    0.000 <frozen importlib._bootstrap_external>:52(_r_long)
        9    0.000    0.000    0.000    0.000 <frozen importlib._bootstrap_external>:524(spec_from_file_location)
      144    0.000    0.000    0.000    0.000 <frozen importlib._bootstrap_external>:57(_path_join)
      144    0.000    0.000    0.000    0.000 <frozen importlib._bootstrap_external>:59(<listcomp>)
        6    0.000    0.000    0.000    0.000 <frozen importlib._bootstrap_external>:63(_path_split)
        3    0.000    0.000    0.000    0.000 <frozen importlib._bootstrap_external>:669(create_module)
      3/1    0.000    0.000    0.021    0.021 <frozen importlib._bootstrap_external>:672(exec_module)
        3    0.000    0.000    0.006    0.002 <frozen importlib._bootstrap_external>:743(get_code)
       45    0.000    0.000    0.000    0.000 <frozen importlib._bootstrap_external>:75(_path_stat)
        3    0.000    0.000    0.000    0.000 <frozen importlib._bootstrap_external>:800(__init__)
        3    0.000    0.000    0.000    0.000 <frozen importlib._bootstrap_external>:825(get_filename)
        3    0.000    0.000    0.006    0.002 <frozen importlib._bootstrap_external>:830(get_data)
        3    0.000    0.000    0.000    0.000 <frozen importlib._bootstrap_external>:840(path_stats)
        9    0.000    0.000    0.000    0.000 <frozen importlib._bootstrap_external>:85(_path_is_mode_type)
        6    0.000    0.000    0.000    0.000 <frozen importlib._bootstrap_external>:908(__init__)
        6    0.000    0.000    0.013    0.002 <frozen importlib._bootstrap_external>:919(create_module)
        6    0.000    0.000    0.000    0.000 <frozen importlib._bootstrap_external>:927(exec_module)
        9    0.000    0.000    0.000    0.000 <frozen importlib._bootstrap_external>:94(_path_isfile)
     1035    0.002    0.000    0.004    0.000 __init__.py:516(__init__)
     5310    0.001    0.000    0.001    0.000 __init__.py:536(__missing__)
     1035    0.001    0.000    0.001    0.000 __init__.py:585(update)
      990    0.011    0.000    0.015    0.000 __init__.py:709(__sub__)
        2    0.000    0.000    0.000    0.000 _collections_abc.py:392(__subclasshook__)
        2    0.000    0.000    0.000    0.000 _weakrefset.py:16(__init__)
        2    0.000    0.000    0.000    0.000 _weakrefset.py:20(__enter__)
        2    0.000    0.000    0.000    0.000 _weakrefset.py:26(__exit__)
        2    0.000    0.000    0.000    0.000 _weakrefset.py:36(__init__)
        2    0.000    0.000    0.000    0.000 _weakrefset.py:52(_commit_removals)
        4    0.000    0.000    0.000    0.000 _weakrefset.py:58(__iter__)
       47    0.000    0.000    0.000    0.000 _weakrefset.py:70(__contains__)
        2    0.000    0.000    0.000    0.000 _weakrefset.py:81(add)
       45    0.000    0.000    0.000    0.000 abc.py:178(__instancecheck__)
      2/1    0.000    0.000    0.000    0.000 abc.py:194(__subclasscheck__)
        1    0.000    0.000    0.001    0.001 bisect.py:1(<module>)
        2    0.000    0.000    0.000    0.000 codecs.py:318(decode)
       14    0.000    0.000    0.002    0.000 hashlib.py:116(__get_openssl_constructor)
        1    0.000    0.000    0.012    0.012 hashlib.py:54(<module>)
        8    0.000    0.000    0.002    0.000 hashlib.py:73(__get_builtin_constructor)
        1    0.000    0.000    0.000    0.000 max_palindrome.py:20(initialize)
        1    0.004    0.004    0.072    0.072 max_palindrome.py:3(<module>)
      990    0.006    0.000    0.030    0.000 max_palindrome.py:45(answerQuery)
      990    0.002    0.000    0.002    0.000 max_palindrome.py:51(<dictcomp>)
      990    0.001    0.000    0.001    0.000 max_palindrome.py:52(<dictcomp>)
        1    0.000    0.000    0.016    0.016 random.py:38(<module>)
        1    0.000    0.000    0.000    0.000 random.py:663(SystemRandom)
        1    0.000    0.000    0.000    0.000 random.py:71(Random)
        1    0.000    0.000    0.000    0.000 random.py:87(__init__)
        1    0.000    0.000    0.000    0.000 random.py:96(seed)
        2    0.000    0.000    0.000    0.000 {built-in method _codecs.utf_8_decode}
      990    0.001    0.000    0.001    0.000 {built-in method _functools.reduce}
        1    0.000    0.000    0.000    0.000 {built-in method _hashlib.openssl_md5}
        1    0.000    0.000    0.000    0.000 {built-in method _hashlib.openssl_sha1}
        1    0.000    0.000    0.000    0.000 {built-in method _hashlib.openssl_sha224}
        1    0.000    0.000    0.000    0.000 {built-in method _hashlib.openssl_sha256}
        1    0.000    0.000    0.000    0.000 {built-in method _hashlib.openssl_sha384}
        1    0.000    0.000    0.000    0.000 {built-in method _hashlib.openssl_sha512}
        3    0.000    0.000    0.000    0.000 {built-in method _imp._fix_co_filename}
       27    0.000    0.000    0.000    0.000 {built-in method _imp.acquire_lock}
        6    0.013    0.002    0.013    0.002 {built-in method _imp.create_dynamic}
        6    0.000    0.000    0.000    0.000 {built-in method _imp.exec_dynamic}
        9    0.000    0.000    0.000    0.000 {built-in method _imp.is_builtin}
        9    0.000    0.000    0.000    0.000 {built-in method _imp.is_frozen}
       36    0.000    0.000    0.000    0.000 {built-in method _imp.release_lock}
       18    0.000    0.000    0.000    0.000 {built-in method _thread.allocate_lock}
       18    0.000    0.000    0.000    0.000 {built-in method _thread.get_ident}
        2    0.000    0.000    0.000    0.000 {built-in method builtins.__build_class__}
        9    0.000    0.000    0.000    0.000 {built-in method builtins.any}
      4/1    0.000    0.000    0.072    0.072 {built-in method builtins.exec}
       68    0.000    0.000    0.000    0.000 {built-in method builtins.getattr}
       14    0.000    0.000    0.000    0.000 {built-in method builtins.globals}
       66    0.000    0.000    0.000    0.000 {built-in method builtins.hasattr}
      992    0.014    0.000    0.014    0.000 {built-in method builtins.input}
     1081    0.000    0.000    0.000    0.000 {built-in method builtins.isinstance}
      3/2    0.000    0.000    0.000    0.000 {built-in method builtins.issubclass}
     2082    0.000    0.000    0.000    0.000 {built-in method builtins.len}
      990    0.000    0.000    0.000    0.000 {built-in method builtins.max}
     3963    0.003    0.000    0.003    0.000 {built-in method builtins.print}
     1980    0.001    0.000    0.001    0.000 {built-in method builtins.sum}
        6    0.000    0.000    0.000    0.000 {built-in method from_bytes}
        3    0.000    0.000    0.000    0.000 {built-in method marshal.loads}
        1    0.000    0.000    0.000    0.000 {built-in method math.exp}
        2    0.000    0.000    0.000    0.000 {built-in method math.log}
        1    0.000    0.000    0.000    0.000 {built-in method math.sqrt}
       15    0.000    0.000    0.000    0.000 {built-in method posix.fspath}
       18    0.001    0.000    0.001    0.000 {built-in method posix.getcwd}
       45    0.000    0.000    0.000    0.000 {built-in method posix.stat}
       45    0.000    0.000    0.000    0.000 {function Counter.update at 0x102b89378}
        1    0.000    0.000    0.000    0.000 {function Random.seed at 0x102d0c400}
        1    0.000    0.000    0.000    0.000 {method '__subclasses__' of 'type' objects}
        4    0.000    0.000    0.000    0.000 {method 'add' of 'set' objects}
       89    0.000    0.000    0.000    0.000 {method 'append' of 'list' objects}
        1    0.000    0.000    0.000    0.000 {method 'disable' of '_lsprof.Profiler' objects}
       15    0.000    0.000    0.000    0.000 {method 'endswith' of 'str' objects}
       10    0.000    0.000    0.000    0.000 {method 'get' of 'dict' objects}
     3960    0.001    0.000    0.001    0.000 {method 'items' of 'dict' objects}
      150    0.000    0.000    0.000    0.000 {method 'join' of 'str' objects}
        3    0.006    0.002    0.006    0.002 {method 'read' of '_io.FileIO' objects}
        2    0.000    0.000    0.000    0.000 {method 'remove' of 'set' objects}
       63    0.000    0.000    0.000    0.000 {method 'rpartition' of 'str' objects}
     1284    0.000    0.000    0.000    0.000 {method 'rstrip' of 'str' objects}
      990    0.000    0.000    0.000    0.000 {method 'split' of 'str' objects}
        1    0.000    0.000    0.000    0.000 {method 'strip' of 'str' objects}
        1    0.000    0.000    0.000    0.000 {method 'union' of 'set' objects}
     1980    0.000    0.000    0.000    0.000 {method 'values' of 'dict' objects}


